Zeit [ms]	Uin A [V]	Uin B [V]
0.000000000	0.640645261	0.010449897
0.010000000	0.826913089	0.009476372
0.020000000	0.995332955	0.008178338
0.030000000	1.169593975	0.007204813
0.040000000	1.332821713	0.006231288
0.050000000	1.489234779	0.004608745
0.060000000	1.644349817	0.003635220
0.070000000	1.782914932	0.002337186
0.080000000	1.917585952	0.001363661
0.090000000	2.049660912	-0.000258881
0.100000000	2.162265368	-0.001881424
0.110000000	2.274220814	-0.002854949
0.120000000	2.382282165	-0.003828474
0.130000000	2.469250464	-0.005126508
0.140000000	2.560437380	-0.006100033
0.150000000	2.637994939	-0.007398067
0.160000000	2.704194700	-0.008696101
0.170000000	2.771692499	-0.009669626
0.180000000	2.822640359	-0.011292169
0.190000000	2.867422557	-0.011616677
0.200000000	2.912204756	-0.012914711
0.210000000	2.935893890	-0.013563728
0.220000000	2.956662447	-0.014861762
0.230000000	2.974510426	-0.015510779
0.240000000	2.974510426	-0.016159795
0.250000000	2.974834935	-0.016808812
0.260000000	2.964450656	-0.017457829
0.270000000	2.941735047	-0.018106846
0.280000000	2.920966490	-0.018431355
0.290000000	2.880402904	-0.018755863
0.300000000	2.831402093	-0.019404880
0.310000000	2.786295389	-0.019080371
0.320000000	2.716201520	-0.019729388
0.330000000	2.642862568	-0.019729388
0.340000000	2.564655992	-0.019729388
0.350000000	2.469574972	-0.019404880
0.360000000	2.372222399	-0.019404880
0.370000000	2.261240472	-0.019080371
0.380000000	2.135331160	-0.018755863
0.390000000	2.012017925	-0.018431355
0.400000000	1.866962628	-0.018106846
0.410000000	1.711523069	-0.017457829
0.420000000	1.559977620	-0.017133321
0.430000000	1.380524452	-0.016484304
0.440000000	1.202369326	-0.015510779
0.450000000	1.016101494	-0.015186270
0.460000000	0.810363160	-0.013888236
0.470000000	0.607545403	-0.012914711
0.480000000	0.394667882	-0.012265694
0.490000000	0.172704118	-0.011292169
0.500000000	-0.043743014	-0.009994135
0.510000000	-0.283554771	-0.009020610
0.520000000	-0.519472450	-0.007722576
0.530000000	-0.742734323	-0.006749050
0.540000000	-0.986764776	-0.005451017
0.550000000	-1.223980588	-0.004152983
0.560000000	-1.447567077	-0.003828474
0.570000000	-1.680564363	-0.001881424
0.580000000	-1.899283312	-0.000907898
0.590000000	-2.106969005	0.000714644
0.600000000	-2.322442963	0.001688169
0.610000000	-2.507413122	0.002661695
0.620000000	-2.691085287	0.003959728
0.630000000	-2.866644766	0.005582271
0.640000000	-3.006508264	0.006555796
0.650000000	-3.153835506	0.007853830
0.660000000	-3.281367705	0.008827355
0.670000000	-3.380667602	0.010125389
0.680000000	-3.473152815	0.010774406
0.690000000	-3.544220409	0.012072440
0.700000000	-3.590625281	0.013045965
0.710000000	-3.631838002	0.013694982
0.720000000	-3.641573291	0.014993016
0.730000000	-3.642871329	0.015642033
0.740000000	-3.633136040	0.016291050
0.750000000	-3.587380184	0.016615558
0.760000000	-3.548763543	0.017589083
0.770000000	-3.485484177	0.018238100
0.780000000	-3.394621510	0.018562609
0.790000000	-3.300838272	0.019211626
0.800000000	-3.191154086	0.019536134
0.810000000	-3.059078774	0.019536134
0.820000000	-2.924731923	0.020185151
0.830000000	-2.768318473	0.019860642
0.840000000	-2.606712909	0.019860642
0.850000000	-2.437643671	0.019860642
0.860000000	-2.243587277	0.019860642
0.870000000	-2.058617176	0.019536134
0.880000000	-1.868779479	0.019860642
0.890000000	-1.662391871	0.018887117
0.900000000	-1.461520952	0.018238100
0.910000000	-1.254808911	0.017913592
0.920000000	-1.041606732	0.017264575
0.930000000	-0.833272213	0.016940066
0.940000000	-0.619096568	0.015966541
0.950000000	-0.410113083	0.015317524
0.960000000	-0.204374703	0.014668507
0.970000000	0.004284237	0.013694982
0.980000000	0.202558894	0.013045965
0.990000000	0.399535508	0.011423423
1.000000000	0.590670966	0.010125389
1.010000000	0.778561336	0.009476372
1.020000000	0.962233097	0.008502847
1.030000000	1.131301982	0.006880305
1.040000000	1.297450294	0.005906779
1.050000000	1.461002544	0.004608745
1.060000000	1.610276430	0.002986203
1.070000000	1.755007203	0.002337186
1.080000000	1.890651747	0.000714644
1.090000000	2.021428671	-0.000258881
1.100000000	2.143768382	-0.001556915
1.110000000	2.251505216	-0.002854949
1.120000000	2.356321479	-0.003828474
1.130000000	2.456594629	-0.005126508
1.140000000	2.539019812	-0.006749050
1.150000000	2.621120491	-0.007722576
1.160000000	2.689591811	-0.008696101
1.170000000	2.752870997	-0.009994135
1.180000000	2.810633539	-0.010643152
1.190000000	2.855091227	-0.011616677
1.200000000	2.892409725	-0.012914711
1.210000000	2.928105682	-0.013888236
1.220000000	2.944980134	-0.014537253
1.230000000	2.960556552	-0.015835287
1.240000000	2.967695743	-0.015835287
1.250000000	2.961854587	-0.016808812
1.260000000	2.956662447	-0.017457829
1.270000000	2.934271347	-0.017782338
1.280000000	2.905390073	-0.018431355
1.290000000	2.877482326	-0.019080371
1.300000000	2.826209955	-0.019080371
1.310000000	2.772017008	-0.019404880
1.320000000	2.711658399	-0.019080371
1.330000000	2.635074361	-0.019729388
1.340000000	2.558165819	-0.019729388
1.350000000	2.465356361	-0.019729388
1.360000000	2.362811650	-0.019729388
1.370000000	2.257995387	-0.019404880
1.380000000	2.133059601	-0.018755863
1.390000000	2.003580704	-0.018755863
1.400000000	1.863717543	-0.018431355
1.410000000	1.709900526	-0.017457829
1.420000000	1.552189417	-0.016808812
1.430000000	1.380524452	-0.015835287
1.440000000	1.199124241	-0.015510779
1.450000000	1.010584851	-0.015186270
1.460000000	0.813608245	-0.014212745
1.470000000	0.608843437	-0.012914711
1.480000000	0.391422798	-0.012265694
1.490000000	0.174326660	-0.011616677
1.500000000	-0.055425318	-0.009994135
1.510000000	-0.283554771	-0.009345118
1.520000000	-0.506816618	-0.007722576
1.530000000	-0.753118597	-0.007398067
1.540000000	-0.980923621	-0.005775525
1.550000000	-1.219437467	-0.004802000
1.560000000	-1.455679795	-0.003503966
1.570000000	-1.672776153	-0.002205932
1.580000000	-1.901230365	-0.001232407
1.590000000	-2.110214095	0.000065627
1.600000000	-2.310760639	0.001363661
1.610000000	-2.513254285	0.002661695
1.620000000	-2.682972558	0.004284237
1.630000000	-2.860803600	0.005582271
1.640000000	-3.019164127	0.006231288
1.650000000	-3.154484525	0.007529321
1.660000000	-3.280394176	0.008827355
1.670000000	-3.377747017	0.009476372
1.680000000	-3.470232229	0.010774406
1.690000000	-3.542922370	0.012072440
1.700000000	-3.593870377	0.012721457
1.710000000	-3.631838002	0.014019490
1.720000000	-3.640924272	0.014993016
1.730000000	-3.648387993	0.015317524
1.740000000	-3.627619377	0.016291050
1.750000000	-3.600360569	0.016940066
1.760000000	-3.550710600	0.017589083
1.770000000	-3.471854777	0.018238100
1.780000000	-3.405005815	0.018562609
1.790000000	-3.306354932	0.018887117
1.800000000	-3.192776633	0.018887117
1.810000000	-3.068489545	0.019860642
1.820000000	-2.915645664	0.020185151
1.830000000	-2.773186111	0.019860642
1.840000000	-2.611905055	0.019860642
1.850000000	-2.435047599	0.020185151
1.860000000	-2.261110762	0.019860642
1.870000000	-2.063809318	0.019536134
1.880000000	-1.872349077	0.018887117
1.890000000	-1.673425170	0.019211626
1.900000000	-1.457626847	0.018562609
1.910000000	-1.258053998	0.017913592
1.920000000	-1.046798870	0.016940066
1.930000000	-0.835219265	0.016615558
1.940000000	-0.629156332	0.015966541
1.950000000	-0.410437591	0.014993016
1.960000000	-0.206970771	0.014343999
1.970000000	-0.005126508	0.013370473
1.980000000	0.197691267	0.012396948
1.990000000	0.394992391	0.011423423
2.000000000	0.590021949	0.010449897
2.010000000	0.772720185	0.009476372
2.020000000	0.954120387	0.008178338
2.030000000	1.130003948	0.007204813
2.040000000	1.295178735	0.005582271
2.050000000	1.457108443	0.004933254
2.060000000	1.607355854	0.003635220
2.070000000	1.752086627	0.002337186
2.080000000	1.891300764	0.000714644
2.090000000	2.017210061	-0.000258881
2.100000000	2.138900754	-0.001881424
2.110000000	2.255399318	-0.002530441
2.120000000	2.354698936	-0.004152983
2.130000000	2.451727000	-0.005126508
2.140000000	2.539019812	-0.006424542
2.150000000	2.616901879	-0.007722576
2.160000000	2.691214355	-0.008696101
2.170000000	2.752546489	-0.009669626
2.180000000	2.807063943	-0.010967660
2.190000000	2.860932383	-0.011941186
2.200000000	2.893383251	-0.013239219
2.210000000	2.924211577	-0.013563728
2.220000000	2.946602677	-0.014861762
2.230000000	2.959258517	-0.015186270
2.240000000	2.969642796	-0.016484304
2.250000000	2.965424182	-0.016808812
2.260000000	2.955039904	-0.017133321
2.270000000	2.942384064	-0.018106846
2.280000000	2.908959669	-0.018755863
2.290000000	2.872939204	-0.019080371
2.300000000	2.828157007	-0.019404880
2.310000000	2.773964060	-0.019404880
2.320000000	2.715877011	-0.019729388
2.330000000	2.642538060	-0.020053897
2.340000000	2.558814837	-0.019729388
2.350000000	2.475091618	-0.019729388
2.360000000	2.368003788	-0.019729388
2.370000000	2.256048336	-0.019080371
2.380000000	2.137602720	-0.018755863
2.390000000	2.006176772	-0.019080371
2.400000000	1.869234187	-0.018431355
2.410000000	1.718986763	-0.017457829
2.420000000	1.554460976	-0.017133321
2.430000000	1.390259705	-0.016484304
2.440000000	1.204640885	-0.016159795
2.450000000	1.014478952	-0.014861762
2.460000000	0.817502345	-0.014537253
2.470000000	0.611114996	-0.013563728
2.480000000	0.402780593	-0.012265694
2.490000000	0.181790354	-0.010967660
2.500000000	-0.046663590	-0.009994135
2.510000000	-0.271547958	-0.009020610
2.520000000	-0.508114652	-0.008371593
2.530000000	-0.743707849	-0.007073559
2.540000000	-0.979301078	-0.005775525
2.550000000	-1.212298276	-0.004477491
2.560000000	-1.436858289	-0.003179457
2.570000000	-1.669531065	-0.002205932
2.580000000	-1.893117643	-0.000907898
2.590000000	-2.100803336	0.000714644
2.600000000	-2.310111621	0.001688169
2.610000000	-2.503843522	0.002986203
2.620000000	-2.688813723	0.003959728
2.630000000	-2.857883017	0.005582271
2.640000000	-3.004236699	0.006555796
2.650000000	-3.151888450	0.007853830
2.660000000	-3.273903988	0.008827355
2.670000000	-3.376124469	0.010125389
2.680000000	-3.472179286	0.010774406
2.690000000	-3.535783160	0.011747931
2.700000000	-3.592247829	0.013045965
2.710000000	-3.629566435	0.014019490
2.720000000	-3.638328195	0.014668507
2.730000000	-3.648712503	0.015317524
2.740000000	-3.632811531	0.016291050
2.750000000	-3.595817434	0.016940066
2.760000000	-3.556876282	0.017589083
2.770000000	-3.481590063	0.017913592
2.780000000	-3.401111700	0.018887117
2.790000000	-3.307652970	0.018887117
2.800000000	-3.186935464	0.019211626
2.810000000	-3.072059148	0.019860642
2.820000000	-2.930248581	0.019536134
2.830000000	-2.770590037	0.019536134
2.840000000	-2.618395238	0.020185151
2.850000000	-2.440564253	0.019211626
2.860000000	-2.254296073	0.019860642
2.870000000	-2.073544586	0.019536134
2.880000000	-1.870726532	0.019211626
2.890000000	-1.678941820	0.018562609
2.900000000	-1.473203266	0.018238100
2.910000000	-1.254808911	0.017589083
2.920000000	-1.053938060	0.017264575
2.930000000	-0.840411402	0.016615558
2.940000000	-0.629156332	0.015966541
2.950000000	-0.425364982	0.015317524
2.960000000	-0.211189381	0.014343999
2.970000000	-0.008371593	0.013370473
2.980000000	0.189578557	0.012396948
2.990000000	0.397912966	0.011747931
3.000000000	0.584180797	0.010774406
3.010000000	0.769475101	0.009800881
3.020000000	0.949252761	0.008502847
3.030000000	1.121242221	0.007204813
3.040000000	1.294529718	0.006231288
3.050000000	1.450618274	0.004608745
3.060000000	1.601839210	0.003635220
3.070000000	1.756954254	0.002337186
3.080000000	1.888055679	0.001039152
3.090000000	2.014938501	-0.000583390
3.100000000	2.138251737	-0.001232407
3.110000000	2.247611113	-0.002854949
3.120000000	2.352751885	-0.004152983
3.130000000	2.450104457	-0.005451017
3.140000000	2.536099234	-0.006749050
3.150000000	2.619173439	-0.007722576
3.160000000	2.689591811	-0.008696101
3.170000000	2.749950419	-0.009345118
3.180000000	2.810958047	-0.010318643
3.190000000	2.851846140	-0.011941186
3.200000000	2.892734234	-0.012590202
3.210000000	2.927132155	-0.013888236
3.220000000	2.945629151	-0.014537253
3.230000000	2.960556552	-0.015186270
3.240000000	2.968344761	-0.015835287
3.250000000	2.965099674	-0.016484304
3.260000000	2.956662447	-0.017133321
3.270000000	2.937191925	-0.018431355
3.280000000	2.909284177	-0.018106846
3.290000000	2.878780361	-0.018755863
3.300000000	2.831077585	-0.018755863
3.310000000	2.776560129	-0.019404880
3.320000000	2.719771115	-0.019404880
3.330000000	2.642538060	-0.019729388
3.340000000	2.562708940	-0.019729388
3.350000000	2.471197515	-0.019404880
3.360000000	2.370924365	-0.019729388
3.370000000	2.263512032	-0.019404880
3.380000000	2.141496822	-0.019080371
3.390000000	2.009746365	-0.018431355
3.400000000	1.873452798	-0.018431355
3.410000000	1.720284797	-0.017782338
3.420000000	1.559004094	-0.017133321
3.430000000	1.395776348	-0.016159795
3.440000000	1.210157528	-0.015510779
3.450000000	1.019995595	-0.014861762
3.460000000	0.822694480	-0.014212745
3.470000000	0.615009097	-0.013239219
3.480000000	0.403105101	-0.012265694
3.490000000	0.184061913	-0.010967660
3.500000000	-0.041146946	-0.010318643
3.510000000	-0.265057788	-0.009020610
3.520000000	-0.500975465	-0.008047084
3.530000000	-0.736893169	-0.006749050
3.540000000	-0.963075648	-0.005451017
3.550000000	-1.207106138	-0.004477491
3.560000000	-1.440752394	-0.003503966
3.570000000	-1.661093836	-0.002205932
3.580000000	-1.887600993	-0.001232407
3.590000000	-2.100478827	0.000390136
3.600000000	-2.304594968	0.001688169
3.610000000	-2.501247449	0.002661695
3.620000000	-2.680700994	0.003635220
3.630000000	-2.855611452	0.005257762
3.640000000	-3.010077867	0.006231288
3.650000000	-3.139881603	0.007529321
3.660000000	-3.272605950	0.008827355
3.670000000	-3.379045055	0.009800881
3.680000000	-3.461470471	0.011098914
3.690000000	-3.541299822	0.011747931
3.700000000	-3.591923319	0.013045965
3.710000000	-3.628592906	0.013370473
3.720000000	-3.647738974	0.014343999
3.730000000	-3.645467406	0.015642033
3.740000000	-3.632162512	0.016291050
3.750000000	-3.602632136	0.016940066
3.760000000	-3.546167466	0.017913592
3.770000000	-3.488729273	0.017913592
3.780000000	-3.409548948	0.018562609
3.790000000	-3.303434347	0.018887117
3.800000000	-3.201213877	0.018887117
3.810000000	-3.070112092	0.019860642
3.820000000	-2.930248581	0.019536134
3.830000000	-2.784868442	0.020185151
3.840000000	-2.613527601	0.020185151
3.850000000	-2.451922070	0.020185151
3.860000000	-2.266627415	0.019536134
3.870000000	-2.067703425	0.019211626
3.880000000	-1.879812780	0.019211626
3.890000000	-1.678941820	0.018887117
3.900000000	-1.470282688	0.018887117
3.910000000	-1.270385328	0.018238100
3.920000000	-1.056858637	0.017264575
3.930000000	-0.847226082	0.016615558
3.940000000	-0.636944537	0.015966541
3.950000000	-0.420172846	0.015642033
3.960000000	-0.216057008	0.014668507
3.970000000	-0.011616677	0.013694982
3.980000000	0.193797166	0.012396948
3.990000000	0.384283613	0.011423423
4.000000000	0.576392595	0.010125389
4.010000000	0.767852559	0.009800881
4.020000000	0.943736118	0.008178338
4.030000000	1.120917712	0.007529321
4.040000000	1.289013075	0.005906779
4.050000000	1.447048681	0.004284237
4.060000000	1.603137244	0.003310712
4.070000000	1.744298424	0.002012678
4.080000000	1.883837069	0.001039152
4.090000000	2.018832603	0.000065627
4.100000000	2.133708618	-0.001556915
4.110000000	2.247286605	-0.002530441
4.120000000	2.355347953	-0.003828474
4.130000000	2.445885846	-0.005451017
4.140000000	2.536748252	-0.006100033
4.150000000	2.616252861	-0.007722576
4.160000000	2.686346725	-0.009020610
4.170000000	2.753844523	-0.009994135
4.180000000	2.807388452	-0.010643152
4.190000000	2.853793192	-0.011616677
4.200000000	2.899548917	-0.012265694
4.210000000	2.924211577	-0.013239219
4.220000000	2.946278169	-0.014537253
4.230000000	2.963801639	-0.015510779
4.240000000	2.967371235	-0.016159795
4.250000000	2.968344761	-0.016808812
4.260000000	2.957960482	-0.017457829
4.270000000	2.937516434	-0.018106846
4.280000000	2.915125334	-0.018431355
4.290000000	2.876184291	-0.018755863
4.300000000	2.831726602	-0.019080371
4.310000000	2.784997354	-0.019080371
4.320000000	2.717175046	-0.019404880
4.330000000	2.646107655	-0.019404880
4.340000000	2.568225586	-0.019729388
4.350000000	2.474442601	-0.019729388
4.360000000	2.377090027	-0.019404880
4.370000000	2.266757118	-0.019080371
4.380000000	2.143443874	-0.019080371
4.390000000	2.020130637	-0.018755863
4.400000000	1.877346899	-0.018106846
4.410000000	1.722880865	-0.017782338
4.420000000	1.571659924	-0.017133321
4.430000000	1.396100857	-0.016484304
4.440000000	1.214051629	-0.015835287
4.450000000	1.030379864	-0.015510779
4.460000000	0.827562106	-0.014537253
4.470000000	0.628313942	-0.013239219
4.480000000	0.413813879	-0.012265694
4.490000000	0.188605031	-0.011292169
4.500000000	-0.026219557	-0.009669626
4.510000000	-0.264084262	-0.009669626
4.520000000	-0.500326448	-0.008047084
4.530000000	-0.724237336	-0.006749050
4.540000000	-0.965996226	-0.005775525
4.550000000	-1.198668913	-0.004477491
4.560000000	-1.428096554	-0.003503966
4.570000000	-1.660120310	-0.002205932
4.580000000	-1.877216709	-0.000907898
4.590000000	-2.090743559	0.000065627
4.600000000	-2.301998896	0.001363661
4.610000000	-2.480803377	0.002661695
4.620000000	-2.674210811	0.003959728
4.630000000	-2.847498721	0.005257762
4.640000000	-2.996123966	0.006555796
4.650000000	-3.146371791	0.007529321
4.660000000	-3.265142233	0.008827355
4.670000000	-3.370283298	0.009476372
4.680000000	-3.468609681	0.010774406
4.690000000	-3.532213554	0.011747931
4.700000000	-3.586406656	0.012721457
4.710000000	-3.625672319	0.014019490
4.720000000	-3.639950743	0.014668507
4.730000000	-3.644493878	0.015317524
4.740000000	-3.633136040	0.015966541
4.750000000	-3.597439982	0.017264575
4.760000000	-3.553631187	0.017264575
4.770000000	-3.487431235	0.017913592
4.780000000	-3.403383267	0.018562609
4.790000000	-3.310573555	0.018887117
4.800000000	-3.193101142	0.019211626
4.810000000	-3.072059148	0.019536134
4.820000000	-2.938685822	0.019860642
4.830000000	-2.778053749	0.020185151
4.840000000	-2.621640329	0.019860642
4.850000000	-2.449650506	0.019536134
4.860000000	-2.268249960	0.019860642
4.870000000	-2.081008291	0.019536134
4.880000000	-1.882408851	0.019211626
4.890000000	-1.684782978	0.019211626
4.900000000	-1.480342458	0.018887117
4.910000000	-1.263570646	0.017913592
4.920000000	-1.057183146	0.017264575
4.930000000	-0.852093711	0.016615558
4.940000000	-0.638567080	0.015966541
4.950000000	-0.431855152	0.015317524
4.960000000	-0.221898160	0.014668507
4.970000000	-0.015835287	0.013370473
4.980000000	0.184386422	0.012721457
4.990000000	0.386879680	0.011747931
5.000000000	0.576392595	0.010449897
5.010000000	0.761362390	0.009476372
5.020000000	0.948279235	0.008502847
5.030000000	1.117023611	0.007204813
5.040000000	1.285767991	0.006231288
5.050000000	1.445101631	0.004933254
5.060000000	1.597945108	0.003959728
5.070000000	1.745596458	0.002337186
5.080000000	1.880916493	0.001363661
5.090000000	2.009746365	-0.000583390
5.100000000	2.137602720	-0.001232407
5.110000000	2.244041519	-0.002530441
5.120000000	2.348857782	-0.003828474
5.130000000	2.448806423	-0.005126508
5.140000000	2.533827674	-0.006424542
5.150000000	2.616252861	-0.007398067
5.160000000	2.687320251	-0.008696101
5.170000000	2.749625911	-0.009669626
5.180000000	2.808686487	-0.011292169
5.190000000	2.853144175	-0.011616677
5.200000000	2.892085217	-0.012914711
5.210000000	2.930052734	-0.013563728
5.220000000	2.946927186	-0.014537253
5.230000000	2.961854587	-0.015186270
5.240000000	2.969967304	-0.015835287
5.250000000	2.966397709	-0.016808812
5.260000000	2.959258517	-0.017457829
5.270000000	2.940112503	-0.017782338
5.280000000	2.912853773	-0.018431355
5.290000000	2.882998973	-0.019080371
5.300000000	2.834971689	-0.019404880
5.310000000	2.781427759	-0.019080371
5.320000000	2.723989727	-0.019404880
5.330000000	2.648379215	-0.019729388
5.340000000	2.569848129	-0.019729388
5.350000000	2.479634739	-0.019729388
5.360000000	2.377414536	-0.019729388
5.370000000	2.272273763	-0.019080371
5.380000000	2.150258553	-0.018755863
5.390000000	2.018508095	-0.018755863
5.400000000	1.886433137	-0.018431355
5.410000000	1.729046526	-0.017782338
5.420000000	1.570686399	-0.017133321
5.430000000	1.404862585	-0.016484304
5.440000000	1.220541797	-0.015510779
5.450000000	1.034598473	-0.014861762
5.460000000	0.836972850	-0.014212745
5.470000000	0.627664925	-0.013563728
5.480000000	0.423224623	-0.012265694
5.490000000	0.198340284	-0.011616677
5.500000000	-0.028491117	-0.009994135
5.510000000	-0.246236296	-0.009345118
5.520000000	-0.487995124	-0.007722576
5.530000000	-0.723588319	-0.007398067
5.540000000	-0.956260968	-0.005775525
5.550000000	-1.193801283	-0.004802000
5.560000000	-1.420632853	-0.003828474
5.570000000	-1.650385046	-0.002205932
5.580000000	-1.875269656	-0.001232407
5.590000000	-2.078087711	0.000065627
5.600000000	-2.291939117	0.001363661
5.610000000	-2.491187668	0.002661695
5.620000000	-2.664151027	0.003959728
5.630000000	-2.843604611	0.005582271
5.640000000	-2.996448476	0.006555796
5.650000000	-3.133715925	0.007529321
5.660000000	-3.263844195	0.008502847
5.670000000	-3.364766637	0.009800881
5.680000000	-3.459847924	0.010774406
5.690000000	-3.533511593	0.012072440
5.700000000	-3.576346858	0.013045965
5.710000000	-3.623400752	0.013370473
5.720000000	-3.645142897	0.014668507
5.730000000	-3.641897801	0.015642033
5.740000000	-3.632811531	0.015966541
5.750000000	-3.597439982	0.016615558
5.760000000	-3.548763543	0.017264575
5.770000000	-3.491649859	0.018238100
5.780000000	-3.403383267	0.018887117
5.790000000	-3.309275517	0.018562609
5.800000000	-3.203485443	0.019536134
5.810000000	-3.069138564	0.019536134
5.820000000	-2.937387785	0.020185151
5.830000000	-2.787464516	0.019860642
5.840000000	-2.623587384	0.019536134
5.850000000	-2.453544615	0.019860642
5.860000000	-2.270846032	0.019536134
5.870000000	-2.080359273	0.019860642
5.880000000	-1.890197064	0.019211626
5.890000000	-1.680239855	0.018887117
5.900000000	-1.481315984	0.018562609
5.910000000	-1.277200010	0.018238100
5.920000000	-1.063024301	0.017264575
5.930000000	-0.854040762	0.016615558
5.940000000	-0.643434708	0.015642033
5.950000000	-0.435424746	0.015317524
5.960000000	-0.225792262	0.014343999
5.970000000	-0.017133321	0.013694982
5.980000000	0.182763879	0.012396948
5.990000000	0.378766969	0.011423423
6.000000000	0.576717104	0.010774406
6.010000000	0.757468289	0.009476372
6.020000000	0.938219475	0.008178338
6.030000000	1.113454019	0.007529321
6.040000000	1.280900364	0.006231288
6.050000000	1.442830072	0.004933254
6.060000000	1.595349041	0.003310712
6.070000000	1.740404322	0.002012678
6.080000000	1.882214527	0.001039152
6.090000000	2.008448331	0.000065627
6.100000000	2.130139024	-0.001556915
6.110000000	2.245988571	-0.002530441
6.120000000	2.347884256	-0.003828474
6.130000000	2.444912320	-0.004802000
6.140000000	2.532854148	-0.006749050
6.150000000	2.612683266	-0.007398067
6.160000000	2.687644760	-0.008371593
6.170000000	2.750923945	-0.010318643
6.180000000	2.805765909	-0.010643152
6.190000000	2.859309840	-0.011616677
6.200000000	2.892409725	-0.012914711
6.210000000	2.923887069	-0.013888236
6.220000000	2.948874238	-0.014537253
6.230000000	2.961530078	-0.015510779
6.240000000	2.971914357	-0.015835287
6.250000000	2.969318287	-0.016808812
6.260000000	2.957960482	-0.017457829
6.270000000	2.944980134	-0.017457829
6.280000000	2.915125334	-0.018106846
6.290000000	2.879753887	-0.018755863
6.300000000	2.841786371	-0.019404880
6.310000000	2.783374811	-0.019404880
6.320000000	2.722691693	-0.019729388
6.330000000	2.652597827	-0.019729388
6.340000000	2.570172638	-0.019729388
6.350000000	2.483528842	-0.019729388
6.360000000	2.382282165	-0.019404880
6.370000000	2.271949254	-0.019080371
6.380000000	2.159020283	-0.018755863
6.390000000	2.024998265	-0.018755863
6.400000000	1.884486086	-0.018755863
6.410000000	1.739755305	-0.017782338
6.420000000	1.573282466	-0.017133321
6.430000000	1.406485127	-0.016159795
6.440000000	1.229628033	-0.015510779
6.450000000	1.035571999	-0.015186270
6.460000000	0.846708102	-0.014212745
6.470000000	0.638049194	-0.013239219
6.480000000	0.422251098	-0.012265694
6.490000000	0.213592181	-0.011292169
6.500000000	-0.018431355	-0.010318643
6.510000000	-0.250130398	-0.009020610
6.520000000	-0.478584378	-0.008371593
6.530000000	-0.716449130	-0.007073559
6.540000000	-0.948472761	-0.006100033
6.550000000	-1.180820937	-0.004477491
6.560000000	-1.419010310	-0.003179457
6.570000000	-1.637404695	-0.002530441
6.580000000	-1.864236355	-0.001232407
6.590000000	-2.084253380	0.000065627
6.600000000	-2.279283266	0.001688169
6.610000000	-2.481452395	0.002661695
6.620000000	-2.665124554	0.004284237
6.630000000	-2.834193843	0.005257762
6.640000000	-2.995150439	0.006231288
6.650000000	-3.129821813	0.007529321
6.660000000	-3.256704988	0.008502847
6.670000000	-3.368011732	0.009800881
6.680000000	-3.444920485	0.010774406
6.690000000	-3.526372382	0.011747931
6.700000000	-3.586731165	0.012721457
6.710000000	-3.617884088	0.013694982
6.720000000	-3.640599762	0.014668507
6.730000000	-3.646116426	0.015642033
6.740000000	-3.628268396	0.015966541
6.750000000	-3.601658607	0.016940066
6.760000000	-3.548439033	0.017264575
6.770000000	-3.487755744	0.017913592
6.780000000	-3.412145024	0.018562609
6.790000000	-3.306354932	0.019211626
6.800000000	-3.202511915	0.019211626
6.810000000	-3.078873844	0.019536134
6.820000000	-2.940632878	0.019536134
6.830000000	-2.789736080	0.019860642
6.840000000	-2.626183457	0.020185151
6.850000000	-2.456140688	0.019536134
6.860000000	-2.278634248	0.019860642
6.870000000	-2.081657309	0.019536134
6.880000000	-1.890846081	0.019536134
6.890000000	-1.692571189	0.019211626
6.900000000	-1.483263037	0.018562609
6.910000000	-1.279471571	0.017913592
6.920000000	-1.069514474	0.017264575
6.930000000	-0.858908391	0.017264575
6.940000000	-0.649275862	0.015966541
6.950000000	-0.436073763	0.015642033
6.960000000	-0.231633415	0.014668507
6.970000000	-0.025246032	0.013694982
6.980000000	0.183412896	0.012721457
6.990000000	0.373574835	0.011747931
7.000000000	0.566981851	0.010774406
7.010000000	0.753898697	0.009800881
7.020000000	0.933676357	0.008178338
7.030000000	1.111506968	0.007204813
7.040000000	1.277006263	0.006231288
7.050000000	1.438286954	0.004933254
7.060000000	1.595349041	0.003310712
7.070000000	1.736510221	0.002337186
7.080000000	1.875724357	0.001039152
7.090000000	2.009421857	-0.000258881
7.100000000	2.125595905	-0.001232407
7.110000000	2.241120942	-0.002854949
7.120000000	2.345937205	-0.003828474
7.130000000	2.440693708	-0.004802000
7.140000000	2.534476691	-0.006100033
7.150000000	2.611709741	-0.007722576
7.160000000	2.684075165	-0.008696101
7.170000000	2.753844523	-0.009669626
7.180000000	2.803818857	-0.010643152
7.190000000	2.853144175	-0.011616677
7.200000000	2.893707760	-0.012590202
7.210000000	2.924211577	-0.013563728
7.220000000	2.947576204	-0.014212745
7.230000000	2.963152621	-0.015186270
7.240000000	2.968993778	-0.015835287
7.250000000	2.972238865	-0.016808812
7.260000000	2.959583026	-0.017782338
7.270000000	2.941086030	-0.018106846
7.280000000	2.921940016	-0.018431355
7.290000000	2.881376430	-0.018431355
7.300000000	2.838541284	-0.019404880
7.310000000	2.787593423	-0.019404880
7.320000000	2.723016201	-0.019729388
7.330000000	2.655842914	-0.019729388
7.340000000	2.575040267	-0.019729388
7.350000000	2.483204333	-0.019729388
7.360000000	2.389421353	-0.019729388
7.370000000	2.277465900	-0.019404880
7.380000000	2.155775198	-0.019080371
7.390000000	2.034084503	-0.018755863
7.400000000	1.887731171	-0.017782338
7.410000000	1.738781780	-0.018106846
7.420000000	1.582693211	-0.017133321
7.430000000	1.409405703	-0.016484304
7.440000000	1.236442710	-0.016159795
7.450000000	1.044658234	-0.015186270
7.460000000	0.846383594	-0.014212745
7.470000000	0.652976581	-0.013563728
7.480000000	0.431337334	-0.012590202
7.490000000	0.210996113	-0.011292169
7.500000000	-0.008371593	-0.010318643
7.510000000	-0.243315720	-0.009345118
7.520000000	-0.473392241	-0.008047084
7.530000000	-0.706389365	-0.007398067
7.540000000	-0.945876692	-0.006100033
7.550000000	-1.169787643	-0.004802000
7.560000000	-1.406678979	-0.003503966
7.570000000	-1.640325274	-0.002205932
7.580000000	-1.849957966	-0.001232407
7.590000000	-2.075491639	0.000065627
7.600000000	-2.281554829	0.001363661
7.610000000	-2.473664178	0.002661695
7.620000000	-2.663826518	0.003959728
7.630000000	-2.829326204	0.005257762
7.640000000	-2.985415160	0.006231288
7.650000000	-3.132093378	0.007529321
7.660000000	-3.243400101	0.008827355
7.670000000	-3.361846052	0.009476372
7.680000000	-3.458549885	0.010774406
7.690000000	-3.523451796	0.011747931
7.700000000	-3.581863521	0.012721457
7.710000000	-3.621129184	0.013694982
7.720000000	-3.636705646	0.014668507
7.730000000	-3.645791916	0.015642033
7.740000000	-3.626970358	0.015966541
7.750000000	-3.600036059	0.016615558
7.760000000	-3.554604715	0.017589083
7.770000000	-3.482563592	0.018238100
7.780000000	-3.410846986	0.018238100
7.790000000	-3.316414725	0.018887117
7.800000000	-3.206730537	0.019211626
7.810000000	-3.084065993	0.019536134
7.820000000	-2.944526989	0.019536134
7.830000000	-2.791358626	0.019860642
7.840000000	-2.632998149	0.019860642
7.850000000	-2.455816179	0.019860642
7.860000000	-2.279283266	0.019860642
7.870000000	-2.093015121	0.019536134
7.880000000	-1.892468626	0.019211626
7.890000000	-1.695816277	0.018887117
7.900000000	-1.492349281	0.018238100
7.910000000	-1.285312727	0.018238100
7.920000000	-1.074057594	0.017589083
7.930000000	-0.862477985	0.016940066
7.940000000	-0.652520947	0.016291050
7.950000000	-0.444510984	0.015317524
7.960000000	-0.228388330	0.014668507
7.970000000	-0.028166608	0.013694982
7.980000000	0.172379610	0.012721457
7.990000000	0.370978767	0.011747931
8.000000000	0.563087751	0.010774406
8.010000000	0.750978121	0.009800881
8.020000000	0.931404798	0.008502847
8.030000000	1.105990325	0.007204813
8.040000000	1.277006263	0.005906779
8.050000000	1.434717361	0.004933254
8.060000000	1.588209855	0.002986203
8.070000000	1.739430797	0.002661695
8.080000000	1.872479272	0.001363661
8.090000000	2.003905212	0.000065627
8.100000000	2.125271396	-0.001556915
8.110000000	2.238849383	-0.001881424
8.120000000	2.346586222	-0.003828474
8.130000000	2.440693708	-0.004802000
8.140000000	2.530907097	-0.006100033
8.150000000	2.615603844	-0.007398067
8.160000000	2.683750656	-0.008696101
8.170000000	2.748652385	-0.009345118
8.180000000	2.806414926	-0.010643152
8.190000000	2.851197123	-0.011616677
8.200000000	2.893707760	-0.012590202
8.210000000	2.925834121	-0.013888236
8.220000000	2.946602677	-0.014212745
8.230000000	2.966722217	-0.015186270
8.240000000	2.971265339	-0.016159795
8.250000000	2.970616322	-0.016808812
8.260000000	2.967046726	-0.017133321
8.270000000	2.943682099	-0.017457829
8.280000000	2.918694929	-0.018755863
8.290000000	2.884621517	-0.018431355
8.300000000	2.839514810	-0.018755863
8.310000000	2.790189493	-0.019404880
8.320000000	2.729181866	-0.019404880
8.330000000	2.656491931	-0.019729388
8.340000000	2.582828474	-0.019729388
8.350000000	2.489045488	-0.019404880
8.360000000	2.388447827	-0.019729388
8.370000000	2.285578613	-0.019080371
8.380000000	2.159993808	-0.019404880
8.390000000	2.033435486	-0.018431355
8.400000000	1.894870358	-0.018431355
8.410000000	1.742675882	-0.017782338
8.420000000	1.588534363	-0.016808812
8.430000000	1.417193905	-0.016808812
8.440000000	1.237091727	-0.016159795
8.450000000	1.059585621	-0.014861762
8.460000000	0.853847288	-0.013888236
8.470000000	0.647784446	-0.013239219
8.480000000	0.441397094	-0.012590202
8.490000000	0.214241197	-0.011616677
8.500000000	-0.005451017	-0.010643152
8.510000000	-0.232606940	-0.009345118
8.520000000	-0.469173631	-0.008047084
8.530000000	-0.695031566	-0.007073559
8.540000000	-0.935816926	-0.006100033
8.550000000	-1.174979781	-0.004802000
8.560000000	-1.393049613	-0.003503966
8.570000000	-1.631239028	-0.002530441
8.580000000	-1.855474616	-0.000907898
8.590000000	-2.065431863	0.000390136
8.600000000	-2.276038176	0.001363661
8.610000000	-2.467498505	0.002337186
8.620000000	-2.650521643	0.003635220
8.630000000	-2.831922278	0.004933254
8.640000000	-2.975355371	0.006231288
8.650000000	-3.121384569	0.007529321
8.660000000	-3.252810874	0.008502847
8.670000000	-3.349514691	0.009476372
8.680000000	-3.453033223	0.010774406
8.690000000	-3.524749834	0.011747931
8.700000000	-3.577969406	0.012396948
8.710000000	-3.620480165	0.013694982
8.720000000	-3.637354666	0.014019490
8.730000000	-3.639301723	0.015317524
8.740000000	-3.629241925	0.016291050
8.750000000	-3.587704694	0.017264575
8.760000000	-3.551684129	0.017264575
8.770000000	-3.494894954	0.017913592
8.780000000	-3.409548948	0.018238100
8.790000000	-3.317388254	0.019211626
8.800000000	-3.211273669	0.019536134
8.810000000	-3.078549334	0.019211626
8.820000000	-2.945500517	0.019211626
8.830000000	-2.792656663	0.020185151
8.840000000	-2.631700112	0.019536134
8.850000000	-2.470094578	0.019860642
8.860000000	-2.277985230	0.019860642
8.870000000	-2.093988648	0.019536134
8.880000000	-1.900905856	0.019536134
8.890000000	-1.702306453	0.018887117
8.900000000	-1.495594369	0.018562609
8.910000000	-1.287584288	0.017913592
8.920000000	-1.078276206	0.017264575
8.930000000	-0.870915208	0.017264575
8.940000000	-0.651547421	0.015966541
8.950000000	-0.445809018	0.015317524
8.960000000	-0.238448093	0.014668507
8.970000000	-0.031411693	0.013694982
8.980000000	0.168485508	0.012721457
8.990000000	0.368382700	0.011747931
9.000000000	0.558869141	0.011098914
9.010000000	0.745136970	0.010125389
9.020000000	0.930755781	0.008502847
9.030000000	1.102745241	0.006880305
9.040000000	1.272138637	0.006555796
9.050000000	1.437313428	0.004933254
9.060000000	1.585938296	0.003635220
9.070000000	1.733265136	0.002012678
9.080000000	1.869234187	0.001039152
9.090000000	2.000011110	0.000065627
9.100000000	2.124622379	-0.000907898
9.110000000	2.236902331	-0.002205932
9.120000000	2.341718594	-0.003503966
9.130000000	2.442640760	-0.005126508
9.140000000	2.527662011	-0.006424542
9.150000000	2.609438180	-0.007398067
9.160000000	2.687969268	-0.008696101
9.170000000	2.746056315	-0.009020610
9.180000000	2.804792383	-0.010643152
9.190000000	2.852495157	-0.011941186
9.200000000	2.892085217	-0.012914711
9.210000000	2.926807647	-0.013563728
9.220000000	2.946927186	-0.014861762
9.230000000	2.963152621	-0.015186270
9.240000000	2.977106496	-0.016159795
9.250000000	2.971265339	-0.016808812
9.260000000	2.962828113	-0.017457829
9.270000000	2.946278169	-0.018106846
9.280000000	2.917721403	-0.018431355
9.290000000	2.886568569	-0.019080371
9.300000000	2.842110880	-0.019080371
9.310000000	2.788891458	-0.019404880
9.320000000	2.734374004	-0.020053897
9.330000000	2.660061526	-0.019729388
9.340000000	2.580232405	-0.019404880
9.350000000	2.495860168	-0.019404880
9.360000000	2.391043896	-0.019729388
9.370000000	2.286552139	-0.019080371
9.380000000	2.166483979	-0.019080371
9.390000000	2.034409012	-0.018431355
9.400000000	1.902658561	-0.018431355
9.410000000	1.750139576	-0.017782338
9.420000000	1.588858872	-0.017133321
9.430000000	1.429525226	-0.016808812
9.440000000	1.243257387	-0.016484304
9.450000000	1.054717995	-0.015186270
9.460000000	0.863907048	-0.014212745
9.470000000	0.652976581	-0.013563728
9.480000000	0.444317670	-0.012265694
9.490000000	0.228195060	-0.011292169
9.500000000	-0.002205932	-0.010318643
9.510000000	-0.223845211	-0.009345118
9.520000000	-0.459762884	-0.008371593
9.530000000	-0.697627635	-0.007073559
9.540000000	-0.919916005	-0.006100033
9.550000000	-1.163946487	-0.004802000
9.560000000	-1.397592735	-0.003828474
9.570000000	-1.621828274	-0.002205932
9.580000000	-1.848659931	-0.001232407
9.590000000	-2.059266193	0.000390136
9.600000000	-2.266951924	0.001039152
9.610000000	-2.468147523	0.002661695
9.620000000	-2.638514804	0.003959728
9.630000000	-2.818617400	0.004933254
9.640000000	-2.982819085	0.006231288
9.650000000	-3.118463985	0.007529321
9.660000000	-3.247294214	0.008827355
9.670000000	-3.355355862	0.009800881
9.680000000	-3.445569504	0.011098914
9.690000000	-3.522802777	0.011747931
9.700000000	-3.572777252	0.013045965
9.710000000	-3.613665463	0.013370473
9.720000000	-3.641248781	0.014343999
9.730000000	-3.638003685	0.015317524
9.740000000	-3.629566435	0.015966541
9.750000000	-3.603605665	0.016615558
9.760000000	-3.553631187	0.017589083
9.770000000	-3.494245935	0.017589083
9.780000000	-3.410197967	0.018238100
9.790000000	-3.317063744	0.018887117
9.800000000	-3.209975631	0.019211626
9.810000000	-3.078224825	0.019536134
9.820000000	-2.950043647	0.019860642
9.830000000	-2.799471356	0.019536134
9.840000000	-2.636243240	0.019860642
9.850000000	-2.466524978	0.019860642
9.860000000	-2.290316572	0.019860642
9.870000000	-2.097882755	0.019536134
9.880000000	-1.905773489	0.019860642
9.890000000	-1.702630961	0.019211626
9.900000000	-1.500786509	0.018562609
9.910000000	-1.292776426	0.017913592
9.920000000	-1.076978172	0.017589083
9.930000000	-0.870590700	0.016940066
9.940000000	-0.663229729	0.015966541
9.950000000	-0.453272714	0.015317524
9.960000000	-0.242342194	0.014668507
9.970000000	-0.035305794	0.013694982
9.980000000	0.162968865	0.012396948
9.990000000	0.361892532	0.011747931
