0.000390136	0.000714644	0.000003901
0.001039152	0.009800881	0.000010392
0.002012678	0.018887117	0.000020127
0.002986203	0.027648845	0.000029862
0.004284237	0.036735082	0.000042842
0.004933254	0.045821318	0.000049333
0.005582271	0.055232063	0.000055823
0.006880305	0.063993791	0.000068803
0.007853830	0.073404536	0.000078538
0.008827355	0.082166264	0.000088274
0.009476372	0.090927992	0.000094764
0.010774406	0.100338737	0.000107744
0.011423423	0.109100464	0.000114234
0.012072440	0.118511209	0.000120724
0.013370473	0.127597445	0.000133705
0.014019490	0.136683682	0.000140195
0.015317524	0.145445409	0.000153175
0.015966541	0.154856154	0.000159665
0.016940066	0.163293373	0.000169401
0.017913592	0.172704118	0.000179136
0.018562609	0.182114863	0.000185626
0.020185151	0.191201099	0.000201852
0.020834168	0.199638318	0.000208342
0.021807693	0.209373571	0.000218077
0.022456710	0.217810790	0.000224567
0.023754744	0.227221535	0.000237547
0.024403761	0.236307771	0.000244038
0.025701795	0.245069498	0.000257018
0.026026303	0.253831226	0.000260263
0.027324337	0.263241970	0.000273243
0.027973354	0.272652715	0.000279734
0.029271387	0.281414442	0.000292714
0.029595896	0.290825187	0.000295959
0.030893930	0.299262406	0.000308939
0.031867455	0.308673150	0.000318675
0.032516472	0.317434878	0.000325165
0.033165489	0.326521113	0.000331655
0.034463523	0.335931858	0.000344635
0.035437048	0.344693585	0.000354370
0.036086065	0.354104329	0.000360861
0.037384099	0.363190565	0.000373841
0.038357624	0.372276801	0.000383576
0.039655658	0.381038528	0.000396557
0.039980166	0.390124764	0.000399802
0.041278200	0.398886492	0.000412782
0.042251725	0.407972727	0.000422517
0.042900742	0.417383471	0.000429007
0.043874267	0.426469707	0.000438743
0.044847793	0.435231435	0.000448478
0.045821318	0.444317670	0.000458213
0.046470335	0.453403906	0.000464703
0.047443860	0.461841125	0.000474439
0.048417386	0.471251869	0.000484174
0.049715419	0.480662613	0.000497154
0.050364436	0.489424340	0.000503644
0.051662470	0.498510576	0.000516625
0.052311487	0.507596812	0.000523115
0.053285012	0.516358539	0.000532850
0.053934029	0.525769283	0.000539340
0.054907555	0.534855518	0.000549076
0.056205588	0.543941754	0.000562056
0.057179114	0.552378973	0.000571791
0.057503622	0.562114225	0.000575036
0.058801656	0.571200461	0.000588017
0.059450673	0.579962188	0.000594507
0.060424198	0.589372932	0.000604242
0.061397723	0.597810151	0.000613977
0.062371249	0.607220895	0.000623712
0.063344774	0.615982622	0.000633448
0.064318299	0.625068857	0.000643183
0.065291825	0.634155093	0.000652918
0.065940842	0.643241329	0.000659408
0.067238875	0.652652073	0.000672389
0.068212401	0.661413800	0.000682124
0.069185926	0.670500035	0.000691859
0.069834943	0.679910779	0.000698349
0.070808468	0.688997015	0.000708085
0.071457485	0.697758742	0.000714575
0.073404536	0.706844977	0.000734045
0.073404536	0.715606704	0.000734045
0.075027078	0.724692940	0.000750271
0.075351587	0.734103684	0.000753516
0.076000603	0.742865411	0.000760006
0.076974129	0.751951646	0.000769741
0.078272163	0.761037882	0.000782722
0.079245688	0.770124117	0.000792457
0.079894705	0.778561336	0.000798947
0.080543722	0.788296588	0.000805437
0.082166264	0.797058316	0.000821663
0.083139789	0.806144551	0.000831398
0.083788806	0.815230787	0.000837888
0.084437823	0.824317022	0.000844378
0.085735857	0.833403258	0.000857359
0.087033890	0.842489493	0.000870339
0.087358399	0.851251220	0.000873584
0.088331924	0.860337456	0.000883319
0.089305450	0.869748200	0.000893054
0.090278975	0.878509927	0.000902790
0.091577009	0.887271654	0.000915770
0.091901517	0.896682398	0.000919015
0.092875042	0.905444125	0.000928750
0.093848568	0.914530360	0.000938486
0.094822093	0.923941104	0.000948221
0.095795618	0.932702832	0.000957956
0.096769144	0.941789067	0.000967691
0.097742669	0.950875303	0.000977427
0.098391686	0.960286047	0.000983917
0.100014228	0.968723265	0.001000142
0.100663245	0.978134009	0.001006632
0.100987753	0.986895737	0.001009878
0.102285787	0.995981972	0.001022858
0.103583821	1.005392716	0.001035838
0.103908329	1.014478952	0.001039083
0.105530872	1.023240679	0.001055309
0.106179888	1.032326915	0.001061799
0.106828905	1.041088642	0.001068289
0.107802431	1.050823894	0.001078024
0.108775956	1.059910130	0.001087760
0.109749481	1.068671857	0.001097495
0.111047515	1.077758093	0.001110475
0.111372023	1.086519820	0.001113720
0.112345549	1.095606056	0.001123455
0.113643583	1.104692291	0.001136436
0.114292599	1.113454019	0.001142926
0.115266125	1.122540254	0.001152661
0.116564159	1.131950998	0.001165642
0.116888667	1.141037234	0.001168887
0.118186701	1.149798961	0.001181867
0.119160226	1.159534214	0.001191602
0.120133751	1.168295941	0.001201338
0.121107277	1.177382177	0.001211073
0.122080802	1.186468413	0.001220808
0.123054327	1.195554649	0.001230543
0.124352361	1.204316376	0.001243524
0.124676869	1.213402612	0.001246769
0.125325886	1.222813356	0.001253259
0.126623920	1.231250575	0.001266239
0.127597445	1.240985828	0.001275974
0.128246462	1.249747555	0.001282465
0.129544496	1.258509283	0.001295445
0.130518021	1.267920027	0.001305180
0.131167038	1.277006263	0.001311670
0.132140564	1.285443482	0.001321406
0.133114089	1.294854227	0.001331141
0.134087614	1.304264971	0.001340876
0.134736631	1.313026699	0.001347366
0.135710156	1.321788426	0.001357102
0.136359173	1.331199171	0.001363592
0.137332699	1.339636390	0.001373327
0.138955241	1.349371643	0.001389552
0.139604258	1.358457879	0.001396043
0.140253274	1.367219606	0.001402533
0.141226800	1.376305842	0.001412268
0.142200325	1.385392079	0.001422003
0.143173850	1.394802823	0.001431739
0.144147376	1.403564551	0.001441474
0.145120901	1.412326279	0.001451209
0.146094426	1.421088006	0.001460944
0.146743443	1.430498751	0.001467434
0.147716969	1.439584987	0.001477170
0.148690494	1.448671224	0.001486905
0.149664019	1.457757460	0.001496640
0.150637544	1.466843696	0.001506375
0.151611070	1.476254441	0.001516111
0.152584595	1.485016169	0.001525846
0.153558120	1.493777897	0.001535581
0.154207137	1.503188642	0.001542071
0.155180663	1.512274878	0.001551807
0.156154188	1.521361115	0.001561542
0.157452222	1.530447351	0.001574522
0.157776730	1.539209079	0.001577767
0.158750255	1.548295316	0.001587503
0.160048289	1.557706061	0.001600483
0.161021814	1.566143280	0.001610218
0.161670831	1.574905008	0.001616708
0.162968865	1.584315753	0.001629689
0.163293373	1.593401990	0.001632934
0.164915916	1.602812735	0.001649159
0.165240424	1.611574463	0.001652404
0.166213949	1.620660700	0.001662139
0.167187475	1.629422428	0.001671875
0.168161000	1.638833174	0.001681610
0.169134525	1.647919410	0.001691345
0.170108051	1.656681139	0.001701081
0.171081576	1.665767376	0.001710816
0.172379610	1.675178121	0.001723796
0.173028626	1.683615341	0.001730286
0.174326660	1.693026086	0.001743267
0.174975677	1.702112323	0.001749757
0.175949202	1.711198560	0.001759492
0.176598219	1.720284797	0.001765982
0.177896253	1.729046526	0.001778963
0.178545270	1.738457271	0.001785453
0.179194287	1.747543509	0.001791943
0.180167812	1.756629746	0.001801678
0.181465846	1.765391474	0.001814658
0.182114863	1.774477712	0.001821149
0.183088388	1.783563949	0.001830884
0.184061913	1.792650186	0.001840619
0.185035439	1.801736423	0.001850354
0.185684455	1.810822661	0.001856845
0.186657981	1.819584390	0.001866580
0.187631506	1.828670627	0.001876315
0.188280523	1.838081373	0.001882805
0.189578557	1.847167610	0.001895786
0.190227573	1.856253848	0.001902276
0.191201099	1.865340085	0.001912011
0.192499132	1.874101815	0.001924991
0.193472658	1.883512561	0.001934727
0.194121675	1.891949781	0.001941217
0.195095200	1.901036019	0.001950952
0.196068725	1.910446765	0.001960687
0.196717742	1.919208494	0.001967177
0.197691267	1.928294732	0.001976913
0.199313810	1.937705478	0.001993138
0.199313810	1.946791716	0.001993138
0.200936352	1.955228937	0.002009364
0.201909877	1.964639684	0.002019099
0.202558894	1.973401413	0.002025589
0.203207911	1.982812160	0.002032079
0.204830453	1.991573889	0.002048305
0.205154961	2.000984636	0.002051550
0.206452995	2.010070874	0.002064530
0.207426520	2.019157112	0.002074265
0.208075537	2.027594333	0.002080755
0.209373571	2.037329588	0.002093736
0.210022588	2.045766810	0.002100226
0.210347096	2.055177556	0.002103471
0.211969638	2.064263795	0.002119696
0.212943164	2.072701016	0.002129432
0.213916689	2.081787255	0.002139167
0.214890214	2.090873493	0.002148902
0.215539231	2.100284240	0.002155392
0.216837265	2.109045970	0.002168373
0.217161773	2.118132209	0.002171618
0.218784315	2.127218447	0.002187843
0.219757841	2.135980177	0.002197578
0.220082349	2.145390925	0.002200823
0.221380383	2.154477163	0.002213804
0.222029400	2.163563402	0.002220294
0.223002925	2.172974150	0.002230029
0.223976450	2.181735880	0.002239765
0.224625467	2.190822119	0.002246255
0.225923501	2.199583849	0.002259235
0.226897026	2.208345580	0.002268970
0.227870552	2.217756327	0.002278706
0.228519568	2.227167075	0.002285196
0.229168585	2.235928806	0.002291686
0.230466619	2.245339554	0.002304666
0.231440144	2.254101284	0.002314401
0.232413670	2.262538506	0.002324137
0.233062686	2.272273763	0.002330627
0.234036212	2.281035494	0.002340362
0.235009737	2.290121733	0.002350097
0.235983262	2.299532481	0.002359833
0.236632279	2.308618721	0.002366323
0.237930313	2.317380452	0.002379303
0.238903838	2.326466691	0.002389038
0.239552855	2.335552931	0.002395529
0.240526380	2.344963679	0.002405264
0.241499906	2.353725411	0.002414999
0.242473431	2.362811650	0.002424734
0.243446956	2.371573382	0.002434470
0.244095973	2.380984130	0.002440960
0.245394007	2.390070370	0.002453940
0.246043024	2.398832102	0.002460430
0.247341057	2.407918342	0.002473411
0.248314583	2.417004582	0.002483146
0.248963599	2.425441805	0.002489636
0.250261633	2.435177062	0.002502616
0.250586142	2.444263303	0.002505861
0.251884175	2.453025034	0.002518842
0.252533192	2.462111275	0.002525332
0.253182209	2.471522024	0.002531822
0.254480243	2.480283756	0.002544802
0.255453768	2.489369996	0.002554538
0.256427293	2.498456237	0.002564273
0.257400819	2.507542478	0.002574008
0.258374344	2.516628718	0.002583743
0.259347869	2.525714959	0.002593479
0.259672378	2.534476691	0.002596724
0.260645903	2.543562932	0.002606459
0.261943937	2.552973682	0.002619439
0.262917462	2.561735414	0.002629175
0.263890987	2.570821655	0.002638910
0.264864512	2.580232405	0.002648645
0.265838038	2.588994137	0.002658380
0.266487055	2.598080379	0.002664871
0.267136071	2.606842111	0.002671361
0.268109597	2.615928353	0.002681096
0.269732139	2.625339103	0.002697321
0.270381156	2.634425344	0.002703812
0.271354681	2.643187077	0.002713547
0.272003698	2.652273319	0.002720037
0.272977223	2.661684069	0.002729772
0.273950748	2.670770311	0.002739507
0.274924274	2.679532044	0.002749243
0.276222307	2.688618286	0.002762223
0.276546816	2.697704527	0.002765468
0.277844850	2.706790769	0.002778448
0.278493866	2.715552503	0.002784939
0.279467392	2.724963253	0.002794674
0.280116409	2.734374004	0.002801164
0.281414442	2.742486720	0.002814144
0.282387968	2.751897471	0.002823880
0.283036984	2.760983714	0.002830370
0.284659527	2.769745447	0.002846595
0.285308543	2.779156198	0.002853085
0.286282069	2.788242441	0.002862821
0.286931086	2.797004175	0.002869311
0.288229119	2.806414926	0.002882291
0.289202645	2.815501169	0.002892026
0.289851661	2.824262903	0.002898517
0.291149695	2.833673654	0.002911497
0.291474203	2.842110880	0.002914742
0.292447729	2.851197123	0.002924477
0.293421254	2.860607874	0.002934213
0.294394779	2.869694117	0.002943948
0.295368305	2.878780361	0.002953683
0.296341830	2.887542095	0.002963418
0.296990847	2.896303830	0.002969908
0.297964372	2.906039090	0.002979644
0.298937897	2.914800825	0.002989379
0.300235931	2.923887069	0.003002359
0.300884948	2.932973312	0.003008849
0.301533965	2.941735047	0.003015340
0.302831998	2.950821291	0.003028320
0.303805524	2.960556552	0.003038055
0.304779049	2.968993778	0.003047790
0.305752574	2.978080022	0.003057526
0.306726099	2.987166266	0.003067261
0.307050608	2.996577019	0.003070506
0.308024133	3.005014245	0.003080241
0.309646675	3.014749507	0.003096467
0.310295692	3.023511242	0.003102957
0.311269217	3.032597487	0.003112692
0.311918234	3.041359222	0.003119182
0.312891760	3.050769976	0.003128918
0.313865285	3.059856220	0.003138653
0.314838810	3.068617956	0.003148388
0.315812335	3.078028709	0.003158123
0.316785861	3.087114954	0.003167859
0.317759386	3.095876690	0.003177594
0.318732911	3.104638426	0.003187329
0.319706436	3.113724671	0.003197064
0.320355453	3.122810916	0.003203555
0.321328979	3.131572653	0.003213290
0.321328979	3.141307915	0.003213290
0.322951521	3.150069652	0.003229515
0.324249554	3.159155897	0.003242496
0.325223080	3.168242142	0.003252231
0.326196605	3.177652897	0.003261966
0.327170130	3.186090125	0.003271701
0.327819147	3.195500879	0.003278191
0.329117181	3.204587125	0.003291172
0.329766198	3.213348862	0.003297662
0.330739723	3.222435108	0.003307397
0.331388740	3.232170371	0.003313887
0.333011282	3.240932108	0.003330113
0.333011282	3.250018354	0.003330113
0.333984807	3.258780092	0.003339848
0.335282841	3.267866338	0.003352828
0.336256366	3.276952584	0.003362564
0.337229891	3.286038831	0.003372299
0.337878908	3.294800568	0.003378789
0.338852434	3.304211324	0.003388524
0.340150467	3.312973062	0.003401505
0.340799484	3.321734800	0.003407995
0.341448501	3.331145555	0.003414485
0.342746535	3.340556311	0.003427465
0.343720060	3.349318049	0.003437201
0.344369077	3.358404296	0.003443691
0.345342602	3.367166034	0.003453426
0.345991619	3.376252282	0.003459916
0.346965144	3.385663038	0.003469651
0.348263178	3.394424776	0.003482632
0.349236703	3.403511024	0.003492367
0.350210228	3.412272762	0.003502102
0.351183754	3.421683519	0.003511838
0.352157279	3.430120749	0.003521573
0.352806296	3.439856014	0.003528063
0.353779821	3.448617753	0.003537798
0.355077855	3.457054983	0.003550779
0.355402363	3.467114758	0.003554024
0.356700397	3.475551988	0.003567004
0.357349414	3.484638237	0.003573494
0.358647447	3.493724485	0.003586474
0.359296464	3.502810733	0.003592965
0.360269989	3.511896982	0.003602700
0.360919006	3.521307739	0.003609190
0.362217040	3.530393988	0.003622170
0.363190565	3.539480237	0.003631906
0.363839582	3.548566485	0.003638396
0.365137616	3.557003717	0.003651376
0.366111141	3.565765457	0.003661111
0.366760158	3.575500723	0.003667602
0.367409175	3.584586973	0.003674092
0.368382700	3.593348713	0.003683827
0.369680734	3.602759471	0.003696807
0.370978767	3.611521212	0.003709788
0.371627784	3.620931970	0.003716278
0.372601309	3.629693711	0.003726013
0.372925818	3.639104469	0.003729258
0.374223852	3.647866210	0.003742239
0.374548360	3.657276969	0.003745484
0.376495411	3.666038710	0.003764954
0.377144427	3.675124960	0.003771444
0.377793444	3.683886701	0.003777934
0.378766969	3.692972952	0.003787670
0.379740495	3.702059202	0.003797405
0.380389512	3.711145452	0.003803895
0.381687545	3.720556212	0.003816875
0.382661071	3.729317954	0.003826611
0.383310087	3.738079695	0.003833101
0.384608121	3.747165946	0.003846081
0.385581646	3.756901215	0.003855816
0.386230663	3.765338448	0.003862307
0.387204188	3.774424699	0.003872042
0.388177714	3.783510950	0.003881777
0.388826731	3.792597201	0.003888267
0.390449273	3.801683453	0.003904493
0.391098289	3.810769704	0.003910983
0.391747306	3.819531447	0.003917473
0.392720832	3.828942207	0.003927208
0.393694357	3.837703950	0.003936944
0.394343374	3.847114711	0.003943434
0.395641407	3.855876454	0.003956414
0.396614933	3.865287215	0.003966149
0.397588458	3.874373467	0.003975885
0.398237475	3.882810701	0.003982375
0.399211000	3.892221463	0.003992110
0.400184525	3.901307715	0.004001845
0.400833542	3.910069459	0.004008335
0.402131576	3.919480220	0.004021316
0.402780593	3.928241964	0.004027806
0.403754118	3.937328217	0.004037541
0.405052152	3.947063488	0.004050522
0.405701168	3.955500723	0.004057012
0.406674694	3.964262467	0.004066747
0.407648219	3.973997738	0.004076482
0.408297236	3.982759482	0.004082972
0.409595269	3.991845736	0.004095953
0.410244286	4.000931989	0.004102443
0.411217812	4.009693734	0.004112178
0.412515845	4.019104497	0.004125158
0.413164862	4.027866242	0.004131649
0.413813879	4.036627986	0.004138139
0.415111913	4.046363259	0.004151119
0.415760929	4.055125004	0.004157609
0.416734455	4.064211258	0.004167345
0.417383471	4.073297512	0.004173835
0.418681505	4.082383767	0.004186815
0.419330522	4.091145512	0.004193305
0.420628556	4.099907258	0.004206286
0.421602081	4.108993512	0.004216021
0.422900115	4.118404276	0.004229001
0.423224623	4.128139550	0.004232246
0.424522657	4.136576786	0.004245227
0.425171674	4.145663042	0.004251717
0.426145199	4.154424788	0.004261452
0.427443232	4.163511043	0.004274432
0.428092249	4.172597299	0.004280922
0.429065775	4.181683554	0.004290658
0.429714791	4.190445301	0.004297148
0.430363808	4.199531557	0.004303638
0.431661842	4.208942322	0.004316618
0.432635367	4.218028578	0.004326354
0.433284384	4.226790325	0.004332844
0.434582418	4.236525599	0.004345824
0.435231435	4.245287347	0.004352314
0.436204960	4.253724585	0.004362050
0.437178485	4.263459860	0.004371785
0.438152010	4.272221607	0.004381520
0.438801027	4.280983355	0.004388010
0.439774552	4.290394121	0.004397746
0.441072586	4.299480378	0.004410726
0.441397094	4.308242126	0.004413971
0.443019637	4.317652892	0.004430196
0.443344145	4.326739150	0.004433441
0.444317670	4.335500898	0.004443177
0.445615704	4.344587156	0.004456157
0.446589229	4.353673413	0.004465892
0.447238246	4.362759671	0.004472382
0.448211771	4.371845929	0.004482118
0.449185297	4.380607678	0.004491853
0.450483330	4.390018445	0.004504833
0.451132347	4.398780194	0.004511323
0.452105872	4.408190962	0.004521059
0.453079398	4.417277221	0.004530794
0.454052923	4.426363479	0.004540529
0.455026448	4.435449738	0.004550264
0.455675465	4.444860506	0.004556755
0.456648990	4.453297746	0.004566490
0.457298007	4.462384006	0.004572980
0.457947024	4.471470265	0.004579470
0.459245057	4.480232015	0.004592451
0.460543091	4.488993765	0.004605431
0.461192108	4.498404534	0.004611921
0.461841125	4.507490793	0.004618411
0.463139158	4.516252544	0.004631392
0.463788175	4.525987822	0.004637882
0.465086209	4.534425064	0.004650862
0.466059734	4.543511324	0.004660597
0.467033259	4.553246603	0.004670333
0.467682276	4.561683845	0.004676823
0.468655802	4.570770105	0.004686558
0.469629327	4.579856366	0.004696293
0.470602852	4.589267136	0.004706029
0.471900886	4.598028887	0.004719009
0.472225394	4.607115148	0.004722254
0.473523428	4.616201409	0.004735234
0.474172445	4.624638652	0.004741724
0.475145970	4.634373932	0.004751460
0.476119495	4.643460193	0.004761195
0.477093020	4.652221946	0.004770930
0.477742037	4.661632717	0.004777420
0.478715563	4.670394469	0.004787156
0.479689088	4.679480731	0.004796891
0.480987121	4.688566993	0.004809871
0.481960647	4.697653255	0.004819606
0.482609664	4.707064027	0.004826097
0.483907697	4.716150289	0.004839077
0.484556714	4.724587533	0.004845567
0.485530239	4.733673796	0.004855302
0.486503765	4.743084568	0.004865038
0.487152781	4.751521812	0.004871528
0.488126307	4.760932585	0.004881263
0.488775323	4.770018848	0.004887753
0.489748849	4.778780602	0.004897488
0.491046882	4.788515884	0.004910469
0.492020408	4.796953129	0.004920204
0.492669424	4.805390374	0.004926694
0.493642950	4.815125656	0.004936429
0.494940983	4.824211920	0.004949410
0.495590000	4.832973675	0.004955900
0.496563525	4.842384449	0.004965635
0.497861559	4.851470713	0.004978616
0.498510576	4.860232468	0.004985106
0.498835084	4.869318733	0.004988351
0.500133118	4.878404997	0.005001331
0.501106643	4.887491262	0.005011066
0.502404677	4.896902037	0.005024047
0.503378202	4.905339283	0.005033782
0.504027219	4.914750058	0.005040272
0.505325253	4.923836323	0.005053253
0.505649761	4.932598079	0.005056498
0.506947795	4.941684345	0.005069478
0.507596812	4.951095120	0.005075968
0.508570337	4.959856876	0.005085703
0.509219354	4.969267652	0.005092194
0.510841896	4.978029408	0.005108419
0.511166404	4.986791165	0.005111664
0.512464438	4.996201941	0.005124644
0.513437963	5.005288208	0.005134380
0.514086980	5.014049965	0.005140870
0.514735997	5.023136232	0.005147360
0.516034030	5.032222499	0.005160340
0.517007556	5.040984256	0.005170076
0.517656572	5.050395033	0.005176566
0.518630098	5.060130319	0.005186301
0.519928131	5.068567568	0.005199281
0.520901657	5.077978345	0.005209017
0.521550673	5.086740103	0.005215507
0.522524199	5.095501862	0.005225242
0.523497724	5.104588130	0.005234977
0.524471249	5.113998907	0.005244712
0.525444774	5.122436157	0.005254448
0.526418300	5.132171444	0.005264183
0.527391825	5.140608694	0.005273918
0.528040842	5.149370453	0.005280408
0.528689859	5.159430250	0.005286899
0.529987892	5.168516519	0.005299879
0.530636909	5.176953769	0.005306369
0.531610434	5.186364548	0.005316104
0.532908468	5.195126308	0.005329085
0.533557485	5.204212578	0.005335575
0.534531010	5.213298847	0.005345310
0.535504535	5.222385117	0.005355045
0.536153552	5.231471387	0.005361536
0.537127077	5.240233148	0.005371271
0.538100603	5.249643928	0.005381006
0.539398636	5.258730198	0.005393986
0.540372162	5.268140978	0.005403722
0.541021178	5.277227249	0.005410212
0.541994704	5.285664500	0.005419947
0.542968229	5.294750771	0.005429682
0.543941754	5.304161552	0.005439418
0.544915279	5.312923314	0.005449153
0.545888805	5.322009585	0.005458888
0.546862330	5.331420366	0.005468623
0.547835855	5.339857619	0.005478359
0.548484872	5.348943890	0.005484849
0.549458397	5.358354672	0.005494584
0.550107414	5.367116435	0.005501074
0.551405448	5.376202707	0.005514054
0.552378973	5.385613489	0.005523790
0.552703481	5.394699762	0.005527035
0.554326023	5.403786034	0.005543260
0.554650532	5.412547797	0.005546505
0.555948565	5.421309561	0.005559486
0.557246599	5.431044853	0.005572466
0.557895616	5.439806617	0.005578956
0.558869141	5.448892890	0.005588691
0.559842666	5.457979164	0.005598427
0.560816192	5.467065438	0.005608162
0.561465208	5.476151711	0.005614652
0.562114225	5.484913476	0.005621142
0.563087751	5.493999750	0.005630878
0.564710293	5.503410534	0.005647103
0.565034801	5.512172299	0.005650348
0.566332835	5.520934063	0.005663328
0.566981851	5.530669358	0.005669819
0.568279885	5.539431123	0.005682799
0.569253410	5.548517398	0.005692534
0.569902427	5.557279163	0.005699024
0.570551444	5.566689949	0.005705514
0.571849478	5.575451714	0.005718495
0.572498495	5.584537990	0.005724985
0.573796528	5.593624266	0.005737965
0.574445545	5.603035052	0.005744455
0.575094562	5.612121328	0.005750946
0.577041612	5.620883094	0.005770416
0.577366121	5.629969371	0.005773661
0.578015138	5.639380157	0.005780151
0.579313171	5.648141924	0.005793132
0.579962188	5.657228201	0.005799622
0.580935713	5.666314478	0.005809357
0.581909239	5.674751736	0.005819092
0.582558255	5.684487033	0.005825583
0.583531781	5.692924290	0.005835318
0.584829814	5.701361548	0.005848298
0.585478831	5.711421356	0.005854788
0.586776865	5.720507634	0.005867769
0.587425882	5.729269402	0.005874259
0.588399407	5.738355680	0.005883994
0.589048424	5.747766469	0.005890484
0.590021949	5.756852747	0.005900219
0.591319983	5.765614516	0.005913200
0.591968999	5.775025305	0.005919690
0.593267033	5.783462564	0.005932670
0.593916050	5.792548843	0.005939160
0.595214083	5.801635123	0.005952141
0.595863100	5.811045912	0.005958631
0.596836626	5.820132192	0.005968366
0.597485642	5.829218472	0.005974856
0.598783676	5.837980242	0.005987837
0.599757201	5.847066522	0.005997572
0.600730726	5.856152803	0.006007307
0.601379743	5.865239083	0.006013797
0.602677777	5.874325364	0.006026778
0.603326794	5.883087135	0.006033268
0.604624827	5.893471456	0.006046248
0.604949336	5.901584207	0.006049493
0.606247370	5.910345978	0.006062474
0.607220895	5.919432260	0.006072209
0.607869912	5.928518541	0.006078699
0.608843437	5.938578353	0.006088434
0.609816962	5.946366595	0.006098170
0.610790487	5.956101897	0.006107905
0.611764013	5.964863670	0.006117640
0.612413029	5.973949952	0.006124130
0.613062046	5.983036235	0.006130620
0.614360080	5.992122517	0.006143601
0.615009097	6.000884290	0.006150091
0.616307130	6.010295084	0.006163071
0.617280656	6.019056857	0.006172807
0.618254181	6.028143140	0.006182542
0.618578689	6.037553934	0.006185787
0.620201231	6.046315708	0.006202012
0.621174757	6.055401992	0.006211748
0.622148282	6.064488276	0.006221483
0.622797299	6.073250050	0.006227973
0.623446315	6.081362804	0.006234463
0.624744349	6.091098109	0.006247443
0.625393366	6.100184394	0.006253934
0.626366891	6.108946168	0.006263669
0.627340416	6.118681474	0.006273404
0.628313942	6.127118739	0.006283139
0.629287467	6.136529534	0.006292875
0.630260992	6.145615820	0.006302610
0.630910009	6.154702106	0.006309100
0.632532551	6.163463882	0.006325326
0.633181568	6.172874678	0.006331816
0.634155093	6.181960964	0.006341551
0.634479601	6.190722741	0.006344796
0.635777635	6.199809027	0.006357776
0.636751160	6.208895314	0.006367512
0.637400177	6.218630622	0.006374002
0.638698211	6.227067888	0.006386982
0.639671736	6.236154176	0.006396717
0.640645261	6.245240463	0.006406453
0.641294278	6.254002240	0.006412943
0.642267803	6.263088528	0.006422678
0.643565837	6.272499327	0.006435658
0.643890345	6.281585615	0.006438903
0.645188379	6.290671903	0.006451884
0.646161904	6.299758192	0.006461619
0.647135430	6.308519970	0.006471354
0.647459938	6.317930769	0.006474599
0.648757972	6.326692548	0.006487580
0.649731497	6.335778837	0.006497315
0.650705022	6.344540617	0.006507050
0.651354039	6.353626906	0.006513540
0.652327564	6.362713196	0.006523276
0.653625598	6.371799486	0.006536256
0.654274615	6.381210286	0.006542746
0.654923631	6.389972066	0.006549236
0.656546173	6.399058357	0.006565462
0.657195190	6.407820137	0.006571952
0.657519699	6.417555449	0.006575197
0.658817732	6.426317229	0.006588177
0.659466749	6.435079010	0.006594667
0.661089291	6.444165302	0.006610893
0.661738308	6.453251593	0.006617383
0.663036342	6.462662395	0.006630363
0.663685359	6.471424177	0.006636854
0.664334375	6.480185958	0.006643344
0.665632409	6.489272251	0.006656324
0.666605934	6.498683054	0.006666059
0.666930443	6.506471304	0.006669304
0.668228476	6.516531129	0.006682285
0.669202002	6.525941932	0.006692020
0.670175527	6.534703715	0.006701755
0.671149052	6.543465498	0.006711491
0.671798069	6.552876302	0.006717981
0.672771594	6.561962595	0.006727716
0.673745119	6.571048889	0.006737451
0.675043153	6.580459694	0.006750432
0.675367661	6.589870499	0.006753677
0.676341187	6.597983262	0.006763412
0.677314712	6.607069556	0.006773147
0.678937254	6.616480362	0.006789373
0.679261762	6.625566657	0.006792618
0.679910779	6.634003931	0.006799108
0.681208813	6.643414737	0.006812088
0.682506846	6.652825543	0.006825068
0.683155863	6.661587328	0.006831559
0.683804880	6.670673624	0.006838049
0.684778405	6.679435410	0.006847784
0.686076439	6.688521706	0.006860764
0.686725456	6.697608002	0.006867255
0.687698981	6.706369788	0.006876990
0.688672506	6.715780596	0.006886725
0.689646031	6.724542382	0.006896460
0.689646031	6.727138467	0.006896460
0.689321523	6.726489446	0.006893215
0.689646031	6.725515914	0.006896460
0.689321523	6.724542382	0.006893215
0.689646031	6.723893361	0.006896460
0.689321523	6.723893361	0.006893215
0.689321523	6.722919829	0.006893215
0.689321523	6.722270808	0.006893215
0.689321523	6.721621787	0.006893215
0.689321523	6.720972766	0.006893215
0.689321523	6.720972766	0.006893215
0.689321523	6.720323744	0.006893215
0.688997015	6.719999234	0.006889970
0.688997015	6.719999234	0.006889970
0.689321523	6.719350213	0.006893215
0.688997015	6.718376681	0.006889970
0.688672506	6.718376681	0.006886725
0.688997015	6.718052170	0.006889970
0.688672506	6.717403149	0.006886725
0.688672506	6.716754128	0.006886725
0.688672506	6.716754128	0.006886725
0.688672506	6.716105107	0.006886725
0.688672506	6.715780596	0.006886725
0.688672506	6.715131575	0.006886725
0.688672506	6.715456085	0.006886725
0.688672506	6.714482554	0.006886725
0.688672506	6.714807064	0.006886725
0.688672506	6.713833532	0.006886725
0.688672506	6.713833532	0.006886725
0.688347998	6.715780596	0.006883480
0.688347998	6.713184511	0.006883480
0.688347998	6.712860000	0.006883480
0.688347998	6.712210979	0.006883480
0.688347998	6.712535490	0.006883480
0.687374473	6.711886469	0.006873745
0.688023489	6.711237447	0.006880235
0.688023489	6.711237447	0.006880235
0.688347998	6.710588426	0.006883480
0.688023489	6.710588426	0.006880235
0.688347998	6.709614894	0.006883480
0.688347998	6.709939405	0.006883480
0.688023489	6.709614894	0.006880235
0.688023489	6.709290384	0.006880235
0.688023489	6.708965873	0.006880235
0.687698981	6.708641363	0.006876990
0.687698981	6.708641363	0.006876990
0.687698981	6.708316852	0.006876990
0.687049964	6.707992341	0.006870500
0.687698981	6.707667831	0.006876990
0.688023489	6.707343320	0.006880235
0.688023489	6.707018810	0.006880235
0.687698981	6.706694299	0.006876990
0.687698981	6.706694299	0.006876990
0.687698981	6.706369788	0.006876990
0.687374473	6.706045278	0.006873745
0.687374473	6.705396257	0.006873745
0.687698981	6.705396257	0.006876990
0.687698981	6.705071746	0.006876990
0.687374473	6.705071746	0.006873745
0.687698981	6.704422725	0.006876990
0.687698981	6.704422725	0.006876990
0.687049964	6.704098214	0.006870500
0.687374473	6.704098214	0.006873745
0.687374473	6.703773704	0.006873745
0.687698981	6.703449193	0.006876990
0.687374473	6.703124682	0.006873745
0.687698981	6.702151151	0.006876990
0.687049964	6.703124682	0.006870500
0.687049964	6.702151151	0.006870500
0.686725456	6.702151151	0.006867255
0.687374473	6.701826640	0.006873745
0.687374473	6.702151151	0.006873745
0.687049964	6.701826640	0.006870500
0.687049964	6.701826640	0.006870500
0.686725456	6.701502130	0.006867255
0.687374473	6.700528598	0.006873745
0.687049964	6.700853108	0.006870500
0.687049964	6.700853108	0.006870500
0.687049964	6.700204087	0.006870500
0.687049964	6.700204087	0.006870500
0.686725456	6.699879577	0.006867255
0.687049964	6.699555066	0.006870500
0.686725456	6.699879577	0.006867255
0.686725456	6.699230555	0.006867255
0.686725456	6.699555066	0.006867255
0.686400947	6.698906045	0.006864009
0.687049964	6.698906045	0.006870500
0.686725456	6.698581534	0.006867255
0.687049964	6.698257024	0.006870500
0.686725456	6.697932513	0.006867255
0.687049964	6.697932513	0.006870500
0.686725456	6.697608002	0.006867255
0.686400947	6.696958981	0.006864009
0.686725456	6.697283492	0.006867255
0.686725456	6.697283492	0.006867255
0.686725456	6.696958981	0.006867255
0.686725456	6.696634471	0.006867255
0.686725456	6.696309960	0.006867255
0.686725456	6.696634471	0.006867255
0.686725456	6.696309960	0.006867255
0.686725456	6.695985449	0.006867255
0.686725456	6.695985449	0.006867255
0.686400947	6.695660939	0.006864009
0.686725456	6.695336428	0.006867255
0.686725456	6.695336428	0.006867255
0.686725456	6.695011918	0.006867255
0.686400947	6.695011918	0.006864009
0.686076439	6.694687407	0.006860764
0.686725456	6.693713875	0.006867255
0.686400947	6.694687407	0.006864009
0.686076439	6.694038386	0.006860764
0.686400947	6.694038386	0.006864009
0.686400947	6.693713875	0.006864009
0.686400947	6.693389365	0.006864009
0.686076439	6.693064854	0.006860764
0.686076439	6.693389365	0.006860764
0.686725456	6.693713875	0.006867255
0.686400947	6.693064854	0.006864009
0.686076439	6.692740344	0.006860764
0.686725456	6.693064854	0.006867255
0.686400947	6.692415833	0.006864009
0.686076439	6.692091322	0.006860764
0.686400947	6.692740344	0.006864009
0.686400947	6.692091322	0.006864009
0.686725456	6.693064854	0.006867255
0.686076439	6.691766812	0.006860764
0.686076439	6.691442301	0.006860764
0.686400947	6.691442301	0.006864009
0.686076439	6.691442301	0.006860764
0.686076439	6.692091322	0.006860764
0.685751931	6.691442301	0.006857519
0.686076439	6.690468769	0.006860764
0.686400947	6.690468769	0.006864009
0.686076439	6.690468769	0.006860764
0.685751931	6.690468769	0.006857519
0.685751931	6.689819748	0.006857519
0.686400947	6.690468769	0.006864009
0.686076439	6.689495238	0.006860764
0.686076439	6.689819748	0.006860764
0.685427422	6.689495238	0.006854274
0.685751931	6.689495238	0.006857519
0.686076439	6.689170727	0.006860764
0.685751931	6.689495238	0.006857519
0.686076439	6.689170727	0.006860764
0.686076439	6.688521706	0.006860764
0.685751931	6.688521706	0.006857519
0.685751931	6.688521706	0.006857519
0.685751931	6.688197195	0.006857519
0.686076439	6.688521706	0.006860764
0.686076439	6.687872685	0.006860764
0.686076439	6.691117791	0.006860764
0.685751931	6.687872685	0.006857519
0.685427422	6.687872685	0.006854274
0.685751931	6.687548174	0.006857519
0.685751931	6.687223664	0.006857519
0.685751931	6.687548174	0.006857519
0.685427422	6.687223664	0.006854274
0.685751931	6.687548174	0.006857519
0.685427422	6.686574642	0.006854274
0.685751931	6.686899153	0.006857519
0.685751931	6.686574642	0.006857519
0.685751931	6.686574642	0.006857519
0.685102914	6.686250132	0.006851029
0.685751931	6.685925621	0.006857519
0.685427422	6.685925621	0.006854274
0.685427422	6.685925621	0.006854274
0.685102914	6.685925621	0.006851029
0.685427422	6.685601111	0.006854274
0.685427422	6.685276600	0.006854274
0.685102914	6.684952089	0.006851029
0.685427422	6.685601111	0.006854274
0.686076439	6.683329537	0.006860764
0.685751931	6.684952089	0.006857519
0.685427422	6.684627579	0.006854274
0.685102914	6.684627579	0.006851029
0.685427422	6.685276600	0.006854274
0.685427422	6.684303068	0.006854274
0.685751931	6.684303068	0.006857519
0.685427422	6.684627579	0.006854274
0.685427422	6.683978558	0.006854274
0.685751931	6.684303068	0.006857519
0.685102914	6.683978558	0.006851029
0.685102914	6.683978558	0.006851029
0.685102914	6.683329537	0.006851029
0.685102914	6.683654047	0.006851029
0.685751931	6.683329537	0.006857519
0.685427422	6.683329537	0.006854274
0.685102914	6.683005026	0.006851029
0.685102914	6.683329537	0.006851029
0.685427422	6.683005026	0.006854274
0.685102914	6.683005026	0.006851029
0.684778405	6.682680515	0.006847784
0.685427422	6.682680515	0.006854274
0.685427422	6.682356005	0.006854274
0.685102914	6.682680515	0.006851029
0.685427422	6.682356005	0.006854274
0.685427422	6.681706984	0.006854274
0.685427422	6.682031494	0.006854274
0.685102914	6.681706984	0.006851029
0.685102914	6.682031494	0.006851029
0.685102914	6.681706984	0.006851029
0.684778405	6.681706984	0.006847784
0.684778405	6.681382473	0.006847784
0.684778405	6.681382473	0.006847784
0.685102914	6.681057962	0.006851029
0.685102914	6.681382473	0.006851029
0.685102914	6.680733452	0.006851029
0.685102914	6.681057962	0.006851029
0.684778405	6.680084431	0.006847784
0.685102914	6.680408941	0.006851029
0.685427422	6.680733452	0.006854274
0.684778405	6.680408941	0.006847784
0.685102914	6.680733452	0.006851029
0.684778405	6.679435410	0.006847784
0.684778405	6.680408941	0.006847784
0.685427422	6.680084431	0.006854274
0.685102914	6.680084431	0.006851029
0.684778405	6.679759920	0.006847784
0.685102914	6.680084431	0.006851029
0.685102914	6.679759920	0.006851029
0.685102914	6.679759920	0.006851029
0.684453897	6.679759920	0.006844539
0.684778405	6.679435410	0.006847784
0.684778405	6.679435410	0.006847784
0.684778405	6.679435410	0.006847784
0.684778405	6.679110899	0.006847784
0.684778405	6.679110899	0.006847784
0.684778405	6.678461878	0.006847784
0.685102914	6.678786388	0.006851029
0.684453897	6.678786388	0.006844539
0.685102914	6.678461878	0.006851029
0.684778405	6.678786388	0.006847784
0.684453897	6.677812857	0.006844539
0.685102914	6.678137367	0.006851029
0.684778405	6.677812857	0.006847784
0.684778405	6.678137367	0.006847784
0.684778405	6.677812857	0.006847784
0.684778405	6.678137367	0.006847784
0.684453897	6.677812857	0.006844539
0.684778405	6.677812857	0.006847784
0.684453897	6.677488346	0.006844539
0.684778405	6.677488346	0.006847784
0.684778405	6.677488346	0.006847784
0.684453897	6.677163836	0.006844539
0.684778405	6.677163836	0.006847784
0.684453897	6.676514814	0.006844539
0.684778405	6.677163836	0.006847784
0.684453897	6.676839325	0.006844539
0.684453897	6.676839325	0.006844539
0.684129388	6.677163836	0.006841294
0.684453897	6.676839325	0.006844539
0.684453897	6.676839325	0.006844539
0.684453897	6.676514814	0.006844539
0.684453897	6.676514814	0.006844539
0.684453897	6.676514814	0.006844539
0.684778405	6.675865793	0.006847784
0.684453897	6.675865793	0.006844539
